[]
[28, 611, 5, 1194, 350, 615, 408, 539, 301, 76, 737, 18, 13]
[114, 7, 1, 597, 93, 93, 778, 876, 604, 1143, 420, 1214, 730, 706, 596]
[-141, 3, 64, 30, -12, -12, 817, 815, 23, -6, 817, 5, 303, 332, -9]
[6, 69]
[633, -188, 808, 236, 178, -138, 697, 610, 449, 809, 827]
[830, 742, 960, 851]
[56, 77, -234, 9, 41]
[157, 186, 492, 74, 99, 1, 185, 963, 142, 364, 29, 185, 543, 18, 319, 477, 182, 975, 245, 718, 8, 186, 613, 93, 801, 338, 166, 151, 113, 28, 1119, 185, 665, -69]
[-329, 871, 904, 473, 35, 1043, 2, 925, -32, 623, 9, -212, 22, 146, -262, -246, 623, 750, -365]
[-252, -195, 204]
[77, -3, 1, 7, 50, 280, -121, -883]
