[-36, -4, -40, -62, -45, -65, -8, -24, -14, -49, 97, -61, -36, -37, -51, -66, -35, -42, -12, -65, -65, -6, -56, -28, -38, -28, -31, 507, -31, -20, -56, 120, -22, -23]
[-206, -377, -380, -287, -130, -201, -403, -403, -403, -403, -403, -403, -405, -382, -279, -206, -205, -208, 290]
[1, 15, 0, 549, -195, -555, 37, -169, 673, 514, 417, 137, 585, 125, 643, 639, 6]
[784]
[22, 442, -475, -82, -45, -351, 19, -219, -233, 358, 2]
[-364, 790, 624, 271, -615, -671]
[1, 6, 187, 16, 446, -166, -96, -123, -612, 29, -385, 51, 50, 468]
[1, -369, 363, 589, 27, 77, -1043, -423, 152, 543, 655, 420, 533, -278, 377, -90, -771, -814]
[-667, -463, -427, -617, -437, -685, -636, -685, -563, -636, -509, -612, -656, -450, -562, -982, -543, -616, -640, -668, -144, -1067, -756, -659, -676, -418, -513, 4, -573, -629]
[-796, -478, 359, 245, -250, -712, -714, -705, -649, -701, -662, -745, -752, -1143, -616, -693, -19, -638]
[-926]
[-164, -1227, -1243]
