[-348, -323, -282, -231, -226, -113, -323, -287, -360, -265, -345, 849, 261, 131, -149, -231, -280, 49, -173, 850, -270, 116, -181, -399, -392]
[317, -84, 255, -76, -84, -283, 913, -383, 1175, -134, 255, 255]
[1127, -426, -430, 1193, 33, -249, -111, -37, 245, 119, -592, 376, 1056, 736, 732, -453, -496, -374, -249]
[-221, -538, -607, -21, 1125, 184, -303, -634, -558, -580, -320, 850, 217, 178, -605]
[983, -194, 271, 346, 725, 7, -616, 294, 940, 826, -524, 537, -9]
[-674, 754, 814, -441, 290, -23]
[-534, -730, -801, -845, -731, -807, 359, -835, -843, -914, 782, -712]
[-106]
[434, 619, -1116, 406, -787, 559, 642, -644, -1023]
[]
[-793, 114, 114, 52, 394, -621, -278, -463]
[-437]
