[-66, 1330, 117, 959, 1129, 234, 1398]
[731, 1077, 592, 579, 537, 326, 1315, 1314]
[553, -80, 1032, 352, 1272, 533, 1267, 593, -418, 901, -309, 381, -263, 1141, -495, 1133, 1024, 516, 628, 354]
[35, -500, 850, -94, 873, 977, 249, 110, 549, 833, 216, 246, 204, 204, 930, 777, 1173, 530, 861, 1037, 670, 912, 808, 374, -141, 1168]
[895, 704, 949, 829, 202, 706, 1031, 985, 1017, 931, 352]
[]
[]
[]
[431, -337, 257, -132, 251, -156, 143, 320, 188, 368, 361, 357, 279, -149, 294, 383, -150, 99, 229, 131, 105, 318]
[-206, 281, -1014, 33, 33, 33, 32, 31, 306, -993, 389, 78, -495, -521, -526, -541, -424, -109]
[429, -153, 212, 137, 460, 241, 329, 321, 329, -109, 100, -296, 332]
[281, -92, -164, -69]
