[-2, 3, 2, -8, -13, 1, 0, -6, -6, -1, 0, -2, 13, -3, -6, -8, 0, -6, 0, 966, 308, -7, 788, -7, -12]
[624, 351, 213, -82, 47, 453, 213, 693, 501, -82, -82, 350, 456]
[2, 120]
[-47, -367, -615, -320, -367, -210, -348, -508, -643, -599, 301, -121, -126, -298, -384, 103, 91, -288, -213]
[-422, -419, 1, -371, -51, -95, -423, -208, -613, -652, -671, -670, -325, -328, -82, -53]
[138, -56, -66, 973, -106, 258, -83, 1054, -555, 207, 297]
[179, -793, -971, -685, -971, -568, -5, -813, -208, -355, -383, -17, -55, 441, 49, -684, -17, 289, -236]
[-169, 267]
[98, 310, 371, -599, -97, 320, -136, 718, -785, 213, -574, -116, -3, 576, -691, -258]
[]
[-704, -1037, -331, -762, -849, -434, -56, -797, -897, -458, -575, -521, -977, -1104]
[-413, 273, -617, 361, -528, 589, -54, -76, -896, -694, -180, 178, 205, 396, -176, -427, 47, -143, -700, -50]
