[1214, 857, 822, 1102, 926, 1146, 1005, 1079, 836, 862, 963, 869, 1080, 680, 856, 1114, 965, 983, 865, 1015]
[730, -90, -90, 316, 1105, 413, 371, -445, -132, 167, 809, 769, 350, 694, -147, 954, 1231]
[605, 560, 806, 576, 575, 588, 829, 607, 715, 593, 593, 591, 580, 588, 708, 615, 816, 595, 589, 622, 735, 571, 570, 560, 758, 765, 564, 897, 619, 725, 571, 789, 553, 576, 630, 650, 805, 814, 605, 576, 560, 556, 571, 609, 716, 649, 576, 700, 571]
[]
[479]
[382, 281, 398, 463]
[]
[-434, 655, 330, 205, -434, 146]
[-427, 87, 181]
[206, 105, 323, -3, -16]
[-127, -28, -98, -74, -119, -133, -163, -135, -141, -154, -21, -49, -133, -134, -46, -60, -92, -240, -142, -115, -108, -60, -141, -72, -133, -154, -163, 137, -24, 115, -120, 365, 33, -82, -106, 29]
[-60, -137, -60]
